# tools/gen_hangul_glyphs.py 로 만든 파일. 크기 글자 폭 줄들(16진수, 왼쪽 픽셀이 높은 비트)
16 강 16 0 0 3f84 84 84 107 104 604 3804 4 0 ff8 1004 1004 1004 ff8
16 건 16 0 0 3f84 84 84 13c 104 604 3804 4 4 1004 1000 1000 1000 ffc
16 경 16 0 0 3f84 84 bc 104 104 63c 3804 4 0 ff8 1004 1004 1004 ff8
16 고 16 0 0 0 1ffc 4 4 4 4 4 4 84 80 80 7fff 0 0
16 골 16 0 0 1ffc 4 4 4 4 84 80 7fff 0 1ffc 4 1ff8 1000 ffc
16 공 16 0 0 1ffc 4 4 4 4 84 80 7fff 0 ff8 1004 1004 1004 ff8
16 과 16 0 0 4 3f84 84 84 84 87 84 84 484 404 404 7ff4 4 4
16 관 16 0 0 3f84 84 84 87 84 484 404 7ff4 4 1004 1000 1000 1000 ffc
16 구 16 0 0 1ffc 4 4 4 4 4 0 7fff 80 80 80 80 80 80
16 국 16 0 0 1ffc 4 4 4 4 4 7fff 80 80 1ffc 4 4 4 4
16 그 16 0 0 0 1ffc 4 4 4 4 4 4 4 0 0 7fff 0 0
16 기 16 0 0 4 3f84 84 84 84 84 104 104 204 c04 3004 4 4 4
16 김 16 0 0 3f84 84 84 104 104 604 3804 4 0 1ffc 1004 1004 1004 ffc
16 남 16 0 0 2004 2004 2004 2007 2004 2004 1f84 4 0 1ffc 1004 1004 1004 ffc
16 노 16 0 0 0 1000 1000 1000 1000 1000 1000 ffc 80 80 80 7fff 0 0
16 녹 16 0 0 1000 1000 1000 1000 ffc 80 80 7fff 0 1ffc 4 4 4 4
16 다 16 0 0 4 3f84 2004 2004 2004 2007 2004 2004 2004 2004 1f84 4 4 4
16 단 16 0 0 3f84 2004 2004 2007 2004 2004 1f84 4 4 1004 1000 1000 1000 ffc
16 당 16 0 0 3f84 2004 2004 2007 2004 2004 1f84 4 0 ff8 1004 1004 1004 ff8
16 대 16 0 0 12 3f92 2012 2012 2012 201e 2012 2012 2012 2012 1f92 12 12 12
16 도 16 0 0 0 1ffc 1000 1000 1000 1000 1000 ffc 80 80 80 7fff 0 0
16 돔 16 0 0 1ffc 1000 1000 1000 ffc 80 80 7fff 0 1ffc 1004 1004 1004 ffc
16 동 16 0 0 1ffc 1000 1000 1000 ffc 80 80 7fff 0 ff8 1004 1004 1004 ff8
16 두 16 0 0 1ffc 1000 1000 1000 ffc 0 0 7fff 80 80 80 80 80 80
16 떡 16 0 0 3b84 2204 2204 223c 2204 2204 1984 4 0 1ffc 4 4 4 4
16 라 16 0 0 4 3f84 84 84 84 3f07 2004 2004 2004 2004 1f84 4 4 4
16 래 16 0 0 12 3f92 92 92 92 3f1e 2012 2012 2012 2012 1f92 12 12 12
16 름 16 0 0 1ffc 4 1ff8 1000 ffc 0 7fff 0 0 1ffc 1004 1004 1004 ffc
16 릇 16 0 0 1ffc 4 1ff8 1000 ffc 0 7fff 0 0 80 80 140 630 180c
16 마 16 0 0 4 3f84 2084 2084 2084 2087 2084 2084 2084 2084 1f84 4 4 4
16 먹 16 0 0 3f84 2084 2084 20bc 2084 2084 1f84 4 0 1ffc 4 4 4 4
16 목 16 0 0 1ffc 1004 1004 1004 ffc 80 80 7fff 0 1ffc 4 4 4 4
16 문 16 0 0 1ffc 1004 1004 1004 ffc 0 0 7fff 80 1080 1080 1000 1000 ffc
16 물 16 0 0 1ffc 1004 1004 1004 ffc 0 7fff 80 80 1ffc 4 1ff8 1000 ffc
16 미 16 0 0 4 3f84 2084 2084 2084 2084 2084 2084 2084 2084 1f84 4 4 4
16 반 16 0 0 2084 2084 2084 3f87 2084 2084 1f84 4 4 1004 1000 1000 1000 ffc
16 밥 16 0 0 2084 2084 2084 3f87 2084 2084 1f84 4 0 1004 1004 1ffc 1004 ffc
16 방 16 0 0 2084 2084 2084 3f87 2084 2084 1f84 4 0 ff8 1004 1004 1004 ff8
16 복 16 0 0 1004 1004 1ffc 1004 ffc 80 80 7fff 0 1ffc 4 4 4 4
16 볶 16 0 0 1004 1004 1ffc 1004 ffc 80 80 7fff 0 1f7c 104 104 104 104
16 부 16 0 0 1004 1004 1ffc 1004 ffc 0 0 7fff 80 80 80 80 80 80
16 북 16 0 0 1004 1004 1ffc 1004 ffc 0 7fff 80 80 1ffc 4 4 4 4
16 분 16 0 0 1004 1004 1ffc 1004 ffc 0 0 7fff 80 1080 1080 1000 1000 ffc
16 불 16 0 0 1004 1004 1ffc 1004 ffc 0 7fff 80 80 1ffc 4 1ff8 1000 ffc
16 빈 16 0 0 2084 2084 2084 3f84 2084 2084 1f84 4 4 1004 1000 1000 1000 ffc
16 사 16 0 0 4 404 404 404 404 a07 a04 a04 1104 1104 2084 4 4 4
16 산 16 0 0 404 404 404 a07 a04 1104 2084 4 4 1004 1000 1000 1000 ffc
16 상 16 0 0 404 404 404 a07 a04 1104 2084 4 0 ff8 1004 1004 1004 ff8
16 서 16 0 0 4 404 404 404 404 a3c a04 a04 1104 1104 2084 4 4 4
16 세 16 0 0 12 412 412 412 412 a72 a12 a12 1112 1112 2092 12 12 12
16 센 16 0 0 412 412 412 a72 a12 1112 2092 12 12 812 800 800 800 7fe
16 소 16 0 0 0 80 80 80 140 220 410 180c 80 80 80 7fff 0 0
16 수 16 0 0 80 80 140 630 180c 0 0 7fff 80 80 80 80 80 80
16 순 16 0 0 80 80 140 630 180c 0 0 7fff 80 1080 1080 1000 1000 ffc
16 슈 16 0 0 80 80 140 630 180c 0 0 7fff 410 410 410 410 410 410
16 시 16 0 0 4 404 404 404 404 a04 a04 a04 1104 1104 2084 4 4 4
16 식 16 0 0 404 404 404 a04 a04 1104 2084 4 0 1ffc 4 4 4 4
16 실 16 0 0 404 404 404 a04 a04 1104 2084 4 0 1ffc 4 1ff8 1000 ffc
16 안 16 0 0 e04 1104 2084 2087 2084 1104 e04 4 4 1004 1000 1000 1000 ffc
16 약 16 0 0 e04 1104 2087 2084 2084 1107 e04 4 0 1ffc 4 4 4 4
16 어 16 0 0 4 e04 1104 2084 2084 20bc 2084 2084 2084 1104 e04 4 4 4
16 여 16 0 0 4 e04 1104 2084 20bc 2084 2084 20bc 2084 1104 e04 4 4 4
16 역 16 0 0 e04 1104 20bc 2084 2084 113c e04 4 0 1ffc 4 4 4 4
16 용 16 0 0 ff8 1004 1004 1004 ff8 220 220 7fff 0 ff8 1004 1004 1004 ff8
16 울 16 0 0 ff8 1004 1004 1004 ff8 0 7fff 80 80 1ffc 4 1ff8 1000 ffc
16 원 16 0 0 1f04 2084 2084 2084 1f04 4 7ff4 404 43c 1404 1000 1000 1000 ffc
16 육 16 0 0 ff8 1004 1004 1004 ff8 0 7fff 220 220 1ffc 4 4 4 4
16 의 16 0 0 4 e04 1104 2084 2084 2084 1104 e04 4 4 4 7ff4 4 4
16 이 16 0 0 4 e04 1104 2084 2084 2084 2084 2084 2084 1104 e04 4 4 4
16 인 16 0 0 e04 1104 2084 2084 2084 1104 e04 4 4 1004 1000 1000 1000 ffc
16 일 16 0 0 e04 1104 2084 2084 2084 1104 e04 4 0 1ffc 4 1ff8 1000 ffc
16 자 16 0 0 4 3f84 404 404 404 a07 a04 a04 1104 1104 2084 4 4 4
16 잠 16 0 0 3f84 404 404 a07 a04 1104 2084 4 0 1ffc 1004 1004 1004 ffc
16 잡 16 0 0 3f84 404 404 a07 a04 1104 2084 4 0 1004 1004 1ffc 1004 ffc
16 장 16 0 0 3f84 404 404 a07 a04 1104 2084 4 0 ff8 1004 1004 1004 ff8
16 전 16 0 0 3f84 404 404 a3c a04 1104 2084 4 4 1004 1000 1000 1000 ffc
16 점 16 0 0 3f84 404 404 a3c a04 1104 2084 4 0 1ffc 1004 1004 1004 ffc
16 정 16 0 0 3f84 404 404 a3c a04 1104 2084 4 0 ff8 1004 1004 1004 ff8
16 제 16 0 0 12 3f92 412 412 412 a72 a12 a12 1112 1112 2092 12 12 12
16 주 16 0 0 1ffc 80 140 630 180c 0 0 7fff 80 80 80 80 80 80
16 준 16 0 0 1ffc 80 140 630 180c 0 0 7fff 80 1080 1080 1000 1000 ffc
16 중 16 0 0 1ffc 80 140 630 180c 0 7fff 80 80 ff8 1004 1004 1004 ff8
16 진 16 0 0 3f84 404 404 a04 a04 1104 2084 4 4 1004 1000 1000 1000 ffc
16 집 16 0 0 3f84 404 404 a04 a04 1104 2084 4 0 1004 1004 1ffc 1004 ffc
16 차 16 0 0 4 1f04 4 3f84 404 407 a04 a04 1104 1104 2084 4 4 4
16 착 16 0 0 1f04 4 3f84 407 a04 1104 2084 4 0 1ffc 4 4 4 4
16 찬 16 0 0 1f04 4 3f84 407 a04 1104 2084 4 4 1004 1000 1000 1000 ffc
16 찰 16 0 0 1f04 4 3f84 407 a04 1104 2084 4 0 1ffc 4 1ff8 1000 ffc
16 참 16 0 0 1f04 4 3f84 407 a04 1104 2084 4 0 1ffc 1004 1004 1004 ffc
16 채 16 0 0 12 1f12 12 3f92 412 41e a12 a12 1112 1112 2092 12 12 12
16 철 16 0 0 1f04 4 3f84 43c a04 1104 2084 4 0 1ffc 4 1ff8 1000 ffc
16 청 16 0 0 1f04 4 3f84 43c a04 1104 2084 4 0 ff8 1004 1004 1004 ff8
16 출 16 0 0 80 1ffc 140 630 180c 0 7fff 80 80 1ffc 4 1ff8 1000 ffc
16 치 16 0 0 4 1f04 4 3f84 404 404 a04 a04 1104 1104 2084 4 4 4
16 카 16 0 0 4 3f84 84 84 384 3c87 104 104 204 c04 3004 4 4 4
16 칼 16 0 0 3f84 84 84 3f07 104 604 3804 4 0 1ffc 4 1ff8 1000 ffc
16 킨 16 0 0 3f84 84 84 3f04 104 604 3804 4 4 1004 1000 1000 1000 ffc
16 탁 16 0 0 3f84 2004 2004 3f07 2004 2004 1f84 4 0 1ffc 4 4 4 4
16 터 16 0 0 4 3f84 2004 2004 2004 3f3c 2004 2004 2004 2004 1f84 4 4 4
16 퍼 16 0 0 4 3f84 4 1104 1104 113c 1104 1104 1104 1104 3f84 4 4 4
16 페 16 0 0 12 3f92 12 1112 1112 1172 1112 1112 1112 1112 3f92 12 12 12
16 편 16 0 0 3f84 4 113c 1104 1104 113c 3f84 4 4 1004 1000 1000 1000 ffc
16 포 16 0 0 0 1ffc 0 410 410 410 410 1ffc 80 80 80 7fff 0 0
16 프 16 0 0 0 1ffc 0 410 410 410 410 1ffc 0 0 0 7fff 0 0
16 학 16 0 0 404 7fc4 4 1f07 2084 2084 1f04 4 0 1ffc 4 4 4 4
16 한 16 0 0 404 7fc4 4 1f07 2084 2084 1f04 4 4 1004 1000 1000 1000 ffc
16 할 16 0 0 404 7fc4 4 1f07 2084 2084 1f04 4 0 1ffc 4 1ff8 1000 ffc
16 항 16 0 0 404 7fc4 4 1f07 2084 2084 1f04 4 0 ff8 1004 1004 1004 ff8
16 형 16 0 0 404 7fc4 3c 1f04 2084 20bc 1f04 4 0 ff8 1004 1004 1004 ff8
16 호 16 0 0 0 3e0 0 1ffc 0 7f0 808 808 7f0 80 80 7fff 0 0
16 화 16 0 0 4 1f04 4 7fc4 4 1f07 2084 2084 1f04 404 404 7ff4 4 4
16 회 16 0 0 4 1f04 4 7fc4 4 1f04 2084 2084 1f04 404 404 7ff4 4 4
12 강 12 0 4 7c4 44 c7 184 304 4 1f8 204 204 1f8
12 건 12 0 2 3f2 22 22 5e c2 302 2 100 100 1fe
12 경 12 0 4 7c4 5c 84 1bc 704 404 1f8 204 204 1f8
12 고 12 0 0 3fc 4 4 4 44 44 40 40 7fe 0
12 골 12 0 3fc 4 44 44 7fe 0 3fc 4 3fc 200 3fc
12 공 12 0 3fc 4 4 44 40 7fe 0 1f8 204 204 1f8
12 과 12 0 4 7e4 24 24 124 127 104 fc4 4 4 4
12 관 12 0 4 3f4 14 14 107 104 7f4 4 204 200 3fc
12 구 12 0 3fc 4 4 4 8 7fe 60 0 0 0 0
12 국 12 0 3fc 4 4 4 7fe 0 3fc 3fc 4 4 4
12 그 12 0 0 3fc 4 4 4 4 8 8 7fe 0 0
12 기 12 0 4 7c4 44 44 84 84 104 204 404 4 4
12 김 12 0 4 7c4 44 44 84 304 600 3fc 204 204 3fc
12 남 12 0 4 404 404 407 434 7c4 0 3fc 204 204 3fc
12 노 12 0 0 200 200 200 200 3fc 0 0 0 7fe 0
12 녹 12 0 200 200 200 3fc 0 7fe 0 3fc 4 4 4
12 다 12 0 4 7c4 404 404 404 407 414 7c4 4 4 4
12 단 12 0 4 7e4 404 404 406 7f4 4 4 204 200 3fc
12 당 12 0 4 7c4 404 407 414 7e4 4 1f8 204 204 1f8
12 대 12 0 2 792 412 412 412 41e 412 792 12 12 2
12 도 12 0 0 3fc 200 200 200 3fc 0 0 0 7fe 0
12 돔 12 0 3fc 200 200 3fc 0 7fe 0 3fc 204 204 3fc
12 동 12 0 3fc 200 200 3fc 0 7fe 0 1f8 204 204 1f8
12 두 12 0 3fc 200 200 3fc 0 0 7fe 0 0 0 0
12 떡 12 0 4 7e4 484 49c 484 7f4 0 3fc 4 4 4
12 라 12 0 4 7c4 44 44 7c4 407 404 7e4 4 4 4
12 래 12 0 2 792 92 92 792 41e 412 7d2 12 12 2
12 름 12 0 3fc 4 3fc 200 3fc 0 0 3fc 204 204 3fc
12 릇 12 0 3fc 4 3fc 200 0 7fe 0 60 60 198 606
12 마 12 0 4 7c4 444 444 444 447 444 7c4 4 4 4
12 먹 12 0 4 7c4 444 45c 444 7c4 4 3fc 4 4 4
12 목 12 0 3fc 204 204 3fc 0 7fe 0 3fc 4 4 4
12 문 12 0 3fc 204 204 3fc 0 7fe 0 0 200 200 3fc
12 물 12 0 3fc 204 204 3fc 0 60 3fc 4 3fc 200 3fc
12 미 12 0 4 7c4 444 444 444 444 444 7c4 4 4 4
12 반 12 0 424 424 7e4 424 426 7e4 4 4 204 200 3fc
12 밥 12 0 4 424 424 7e7 424 7e4 0 204 3fc 204 3fc
12 방 12 0 4 424 7e4 427 424 7e4 4 1f8 204 304 1f8
12 복 12 0 204 3fc 204 3fc 3fc 60 0 3fc 4 4 4
12 볶 12 0 204 3fc 204 3fc 3fc 60 0 3bc 44 44 44
12 부 12 0 204 204 3fc 204 3fc 0 7fe 0 0 0 0
12 북 12 0 204 3fc 204 3fc 0 7fe 0 3fc 4 4 4
12 분 12 0 0 204 3fc 204 0 7fe 0 0 200 200 3fc
12 불 12 0 204 3fc 204 3fc 0 7fe 3fc 4 3fc 200 3fc
12 빈 12 0 4 424 424 7e4 424 424 7e4 4 200 200 3fc
12 사 12 0 4 104 104 104 104 387 284 444 24 4 4
12 산 12 0 4 104 104 104 287 444 824 4 204 200 3fc
12 상 12 0 4 104 104 187 2c4 c64 4 1f8 204 204 1f8
12 서 12 0 4 104 104 104 13c 284 284 444 4 4 4
12 세 12 0 12 112 112 112 372 392 692 452 12 12 2
12 센 12 0 a a 18a 18a 19a 24a 42a a 100 100 1fe
12 소 12 0 0 40 60 f0 198 606 0 0 0 7fe 0
12 수 12 0 0 60 d0 30c 0 0 7fe 40 40 40 40
12 순 12 0 60 60 90 30c 0 7fe 0 0 200 200 3fc
12 슈 12 0 0 60 f0 30c 0 0 7fe 108 108 108 108
12 시 12 0 4 104 104 104 104 384 284 444 24 4 4
12 식 12 0 82 82 82 1c2 362 232 0 1fe 2 2 2
12 실 12 0 4 104 184 384 644 24 3fc 4 3fc 200 3fc
12 안 12 0 184 264 424 424 666 3c4 4 4 204 200 3fc
12 약 12 0 4 3c4 427 424 667 3c4 0 3fc 4 4 4
12 어 12 0 4 3c4 264 424 43c 424 664 3c4 4 4 4
12 여 12 0 4 3c4 27c 424 424 424 67c 3c4 4 4 4
12 역 12 0 3c4 67c 424 424 67c 3c4 0 3fc 4 4 4
12 용 12 0 1f8 204 204 1f8 108 7fe 0 1f8 204 204 1f8
12 울 12 0 1f8 204 204 1f8 0 60 3fc 4 3fc 200 3fc
12 원 12 0 1e4 214 214 3f4 4 7f4 44 5c 104 100 1fe
12 육 12 0 1f8 204 204 1f8 0 7fe 108 3fc 3fc 4 4
12 의 12 0 2 1e2 212 212 332 1e2 2 1fa 302 2 2
12 이 12 0 4 3c4 264 424 424 424 264 3c4 4 4 4
12 인 12 0 4 3c4 424 424 424 3c4 4 4 200 200 3fc
12 일 12 0 184 644 424 424 244 4 1fc 4 3fc 200 3fc
12 자 12 0 4 7e4 84 184 184 187 244 664 404 4 4
12 잠 12 0 4 7e4 184 187 244 424 0 3fc 204 204 3fc
12 잡 12 0 4 7e4 184 187 344 624 0 204 3fc 204 3fc
12 장 12 0 4 7e4 184 187 244 424 4 1f8 204 204 1f8
12 전 12 0 4 7e4 84 19c 184 244 424 4 200 200 3fc
12 점 12 0 4 7e4 184 19c 244 624 4 3fc 204 204 3fc
12 정 12 0 4 7e4 184 19c 244 664 4 1f8 304 304 1f8
12 제 12 0 14 7d4 114 114 134 394 294 454 14 14 4
12 주 12 0 0 3fc 60 d0 30e 0 7fe 0 0 0 0
12 준 12 0 3fc 60 f0 30c 0 7fe 0 0 200 200 3fc
12 중 12 0 3fc 60 198 204 7fe 60 f0 3fc 204 204 1f8
12 진 12 0 4 7e4 84 184 184 244 424 4 200 200 3fc
12 집 12 0 4 7e4 184 184 244 424 0 204 3fc 204 3fc
12 차 12 0 4 4 7e4 184 184 187 1c4 244 424 4 4
12 착 12 0 1c4 4 7e4 187 344 424 0 3fc 4 4 4
12 찬 12 0 3c4 4 7e4 184 187 244 424 4 204 200 3fc
12 찰 12 0 3c4 4 7e4 187 344 424 3f8 4 3fc 200 3fc
12 참 12 0 3c4 4 7e4 187 3c4 424 0 3fc 204 204 3fc
12 채 12 0 4 14 7d4 114 114 11c 294 694 454 14 4
12 철 12 0 3c4 4 184 19c 244 424 1fc 4 3fc 200 3fc
12 청 12 0 3c4 4 184 19c 344 624 4 1f8 204 204 1f8
12 출 12 0 f0 3fc 60 39c 0 7fe 3fc 4 3fc 200 3fc
12 치 12 0 4 4 7e4 84 184 184 244 624 4 4 4
12 카 12 0 4 7c4 44 44 7c4 87 84 304 604 4 4
12 칼 12 0 4 7c4 44 7c7 84 304 0 4 3fc 200 3fc
12 킨 12 0 2 1f2 22 3e2 42 c2 302 2 100 100 1fe
12 탁 12 0 4 7e4 404 7c7 404 7e4 0 3fc 4 4 4
12 터 12 0 4 7c4 404 404 7dc 404 404 7e4 4 4 4
12 퍼 12 0 4 7e4 4 244 27c 244 244 7c4 4 4 4
12 페 12 0 14 7d4 14 294 294 2b4 294 7d4 14 14 4
12 편 12 0 4 7e4 1c 244 244 25c 784 4 100 100 1fc
12 포 12 0 0 3fc 0 108 88 3fc 0 20 0 7fe 0
12 프 12 0 0 3fc 0 108 88 3fc 0 0 7fe 0 0
12 학 12 0 1c4 4 7f4 3e7 224 364 4 3fc 4 4 4
12 한 12 0 1c4 4 7f4 1c4 227 224 3c4 4 204 200 3fc
12 할 12 0 1c4 4 84 3e7 224 3e4 0 1fc 3fc 200 3fc
12 항 12 0 1c4 4 84 3e7 224 364 4 1f8 304 304 1f8
12 형 12 0 3c4 4 7f4 3dc 244 25c 84 1f8 104 104 1f8
12 호 12 0 f0 0 3fc 1f0 20c 39c 1f8 0 0 7fe 0
12 화 12 0 1c4 4 7f4 1c4 224 364 3c4 84 7e4 4 4
12 회 12 0 1c4 4 7f4 1c4 224 3e4 1e4 84 7c4 4 4
